	One - 10	Twelve – 10	One – 100	Twelve – 100	One – 1000	Twelve – 1000
1	0.7	2.1	0.7	2.1	0.7	2.1
10	0.7	2.1	0.7	2.1	0.9	2.2
100	0.8	2.1	0.9	2.2	2.6	2.4
1000	1	2.2	2.4	2.4	18.8	4.4
10000	3.1	2.5	17.3	4.4	179.6	25.6
100000	24.7	5.6	167.7	24.6	1799.9	249.8
1000000	240.7	37.2	1659.6	224.5		
10000000	2403.3	360.2				



	twelve/one – 10	twelve/one – 100	twelve/one – 1000
1	0.3333333333	0.3333333333	0.3333333333
10	0.3333333333	0.3333333333	0.4090909091
100	0.380952381	0.4090909091	1.0833333333
1000	0.4545454545	1	4.2727272727
10000	1.24	3.9318181818	7.015625
100000	4.4107142857	6.8170731707	7.2053642914
1000000	6.4704301075	7.3924276169	
10000000	6.6721265963		

Single Core:
cores	sec	CPU usage when work distributed
1	1765	10

Multi:
cycles:100000
pop 1000 max 1000
cores	sec	CPU usage when work distributed
1	1808	10
2	923	19
3	619	27
4	469	36
5	379	44
6	335	53
7	316	61
8	293	70
9	280	78
10	269	87
11	255	95
12	245	99